0 0.242188 0.8598537810218977 0.12500000000000003 0.20438000000000006
0 0.2792973125 0.7284667664233577 0.089843 0.0846719999999999
0 0.323242375 0.845255510948905 0.10546899999999998 0.1912410000000002
0 0.358398375 0.7284673284671533 0.07519500000000001 0.09488999999999996
0 0.42187475 0.8291975109489051 0.08691399999999999 0.1927
0 0.4384766875 0.7445259927007298 0.07031199999999999 0.143065
0 0.5078128749999999 0.816058802919708 0.09081999999999996 0.18686099999999997
0 0.5781249375 0.8131383649635037 0.0761719999999999 0.19270099999999998
0 0.6660155 0.8160586569343066 0.079102 0.18978099999999998
0 0.713867 0.7240874306569344 0.09570299999999998 0.1313869999999998
0 0.7490239375 0.830656802919708 0.07812400000000008 0.18540200000000004
0 0.8251953125 0.8321166569343066 0.08886700000000003 0.18832100000000018
